10
  0  597   33  342  418  100  227   97  213  455 

597    0  627  775  220  623  388  575  626  155      

33   627    0  346  452   95  271  100  236  493 

342  775  346    0  664  432  507  425  166  633  

418  220  452  664    0  411  202  373  527  206  

100  623   95  432  411    0  253   60  323  489  

227  388  271  507  202  253    0  194  360  243 

97   575  100  425  373   60  194    0  296  433  

213  626  236  166  527  323  360  296    0  484  

455  155  493  633  206  489  243  433  484    0  

 


