18
  0  597   33  342  418  100  227   97  213  455  237  330   81  335  300  487  343  249

597    0  627  775  220  623  388  575  626  155  736  408  571  309  596  278  769  420     

33   627    0  346  452   95  271  100  236  493  241  332   81  369  322  521  347  264

342  775  346    0  664  432  507  425  166  633  115  611  409  615  233  767    7  530

418  220  452  664    0  411  202  373  527  206  637  196  372   85  543  214  669  208

100  623   95  432  411    0  253   60  323  489  325  279   75  328  410  480  359  233

227  388  271  507  202  253    0  194  360  243  451  111  190  116  376  268  502   39

97   575  100  425  373   60  194    0  296  433  320  243   26  292  382  444  426  197

213  626  236  166  527  323  360  296    0  484  128  462  282  466   92  618  160  380

455  155  493  633  206  489  243  433  484    0  595  304  430  192  454  387  627  278

237  736  241  115  637  325  451  320  128  595    0  554  306  560  194  712  117  474

330  408  332  611  196  279  111  243  462  304  554    0  253  112  478  264  605   81

81   571   81  409  372   75  190   26  282  430  306  253    0  289  366  442  410  185

335  309  369  615   85  328  116  292  466  192  560  112  289    0  482  196  608  125

300  596  322  233  543  410  376  382   92  454  194  478  366  482    0  634  224  397

487  278  521  767  214  480  268  444  618  387  712  264  442  196  634    0  760  277

343  769  347    7  669  359  502  426  160  627  117  605  410  608  224  760    0  523

249  420  264  530  208  233   39  197  380  278  474   81  185  125  397  277  523    0
