12
  0  597   33  342  418  100  227   97  213  455  237  330 

597    0  627  775  220  623  388  575  626  155  736  408     

33   627    0  346  452   95  271  100  236  493  241  332  

342  775  346    0  664  432  507  425  166  633  115  611  

418  220  452  664    0  411  202  373  527  206  637  196 

100  623   95  432  411    0  253   60  323  489  325  279  

227  388  271  507  202  253    0  194  360  243  451  111 

97   575  100  425  373   60  194    0  296  433  320  243  

213  626  236  166  527  323  360  296    0  484  128  462  

455  155  493  633  206  489  243  433  484    0  595  304  

237  736  241  115  637  325  451  320  128  595    0  554  

330  408  332  611  196  279  111  243  462  304  554    0  


