6
    0  597   33  342  418  100  
  597    0  627  775  220  623   
   33  627    0  346  452   95  
  342  775  346    0  664  432  
  418  220  452  664    0  411 
  100  623   95  432  411    0 
 


